ElNLElTUNG. 17

11331 133 3133 3333331333311311311133 1331333311 313 133 18
3313313133 1133133333, 113 3131 13133 3333133133313333113133-
313311333333 mit 133 vernunst 33131, 131 3133 8131333333 133 Tu· ·

gend 3133333331313331131, 313 33 333311, 3133 31333133 133331
13333133331333 133 331333 3313133. 1113 133331 133 8131133
131 131331133113333313111338331311133), 113 jemand in 33313-
33333 3133 11133331 Gnade 1311331333, 3331333 313 bestimmten,
333133133113133 1331331 (διάθεσις τῆς ψυχῆς), 133 dem Zu- ·

313313 133 31311 133331131133 83313 313333 3333331133 steht, 313
113 3333131313131331333333 111133. 1. 3. 98. 8131). 331. 311. 3.
98). 1113 Weisen sind 133333 313131 1333311311, 3131313113111313
3133313333 31311 es 13133111113 33133133 Gnt und Βῦ33. 1113
3311331313 Gesinnung kann man 333 33133133 haben 3133 31311
13133, 3113 [13331333 3131 darum 31313133113311331333131311131,
811333311333131133331311333311331333333133131131333ς 313113
1311133331131131, 313113 33331333 31333311 33 11333 33113
113 8131133133333131333, 1333311313 113 1133133333 1113311 131,
1131131331 Weise 31133, 313 313 3131 1131111131, 3331 313131311113 “
131, 33 3131 3311313113113333133 313131 331 3133333113 33133
113133. 11333333 131133 Weise 311313 133 331333133331331311
nnd 11331133131113113ς 11133, was 331131, 131 recht, 33 33331311
311313 33 henschen und 33 331333133, weil 33 311313 333131-
13333131133 1331131, 331131 darum 311313 133 33133 111313.
831131 113 1113313 31313331311313333333,1131313331 3333333 33
311313 13 3311313331113133 3333313133, weil 3331 1333 113 333113
311111313 1133133333 3111113 131. - So 3131133 (1138131133 13319 .
1133333313 33133133 1131333 331 [13331333 331 (113 spitze und
3331133 3131 13311111 31333 1131333 13 11331331 1333313113 333,
3313331 313 13313313131311 1333333 1333133, 1333 113 wink-
lichen 133111131333 3333 331333 33133. 13 3333 313 333111313-
3133133 Β313ρ13133 11311311331 3313331333133, 33 33333133 313
3333133333. Zeno selbst 13113 1333313333131131313 33113313133
’13333111331 zu sein, und den 1313133333 331333 Philosophen-
3313133 3331133113 8131133 133 31311 3333313133, 3333331113
313333 8111133 3333131131 13113.

Entsp'nechend 11333 1311311133 333 dem 11313133 Ρ31331333
und 1331 113333133133331 3311313133 113 8131133 113 Ρ111311
(καθῆκον) 313133, welches 33 1133 3331333133 (13331
3331331331 131, 1.1. 13313333333333, 133 131331313333-

. 313313. 83311131, wie wir 3133 33133, 113 1333311 133 113133-

33313333113 33313 Ρ111311, 3313331333 13313113331 333 31333
Cicero 13 officiis. 1. 1311. 2

 

